[params]
title=P-V-0-0                                                    /* краткое название
caption=Научный спутник для исследования атмосферы Земли
mission.begin=15.09.2030 08:30:00.000000
mission.finish=20.05.2048 17:45:23.000000
icon.width=13
icon.style=2
icon.pen=rgb->(255,0,0);width->2;style->1
icon.brush=rgb->(128,128,128);style->1
trajectory.pen=rgb->(0,255,0);width->2;style->2

[mission.initcond]
orbit.semiaxis(km)=10000.50000000
orbit.eccentricity=0.15130000
orbit.latarg(deg)=35.25000000
orbit.periarg(deg)=85.00000000
orbit.inclination(deg)=82.50000000
orbit.ascnode(deg)=135.00000000
orbit.long(deg)=55.00000000

[radars]
+0000000=002301_radar_K-A_mss

[params.shot]
Roll(deg)=10.00000000[-50.00000000;50.00000000]
Pitch(deg)=5.00000000[-10.00000000;10.00000000]
Wroll(deg/sec)=0.45000000
Wpitch(deg/sec)=0.10000000
Rev_time(sec)=1800.00000000
Day_time(sec)=9000.00000000
Route_time(sec)=3.00000000[3.00000000;90.00000000]
Route_between_time(sec)=36.00000000

[params.transmit_radar]
frequency(MHz)=200.00000000
power(W)=1000.00000000
bandwidth(MHz)=10.00000000
polarization=vertical
gain(dB)=30.00000000
beamwidth(degrees)=10.00000000
